2281 303
2286 327
2283 345
2286 372
2289 394
2289 420
2286 444
2289 467
2291 493
2294 517
2294 535
2291 560
2289 586
2289 606
2291 635
2294 659
2294 681
2291 705
2297 726
2289 752
2291 774
2291 802
2289 821
2289 845
2291 867
2294 891
2289 916
2289 940
2291 964
2291 991
2286 1011
2286 1035
2289 1057
2286 1086
2286 1104
2286 1130
2286 1152
2281 1175
2281 1199
2281 1223
2281 1249
2275 1272
2270 1294
2270 1316
2270 1342
2265 1363
2262 1387
2260 1411
2257 1433
2254 1456
2246 1480
2230 1500
2215 1512
2193 1520
2172 1524
2151 1529
2127 1535
2101 1537
2077 1535
2056 1537
2035 1539
2006 1539
1987 1541
1961 1545
1937 1541
1916 1541
1892 1543
1868 1545
1845 1543
1823 1545
1797 1543
1776 1547
1752 1545
1728 1543
1699 1545
1681 1545
1657 1541
1630 1541
1607 1541
1586 1539
1559 1543
1538 1541
1517 1543
1488 1541
1467 1537
1448 1537
1424 1535
1395 1531
1371 1531
1350 1524
1329 1522
1305 1516
1282 1514
1263 1504
1245 1494
1223 1476
1213 1456
1200 1435
1197 1417
1189 1393
1186 1371
1184 1349
1181 1326
1178 1300
1181 1280
1176 1253
1178 1231
1178 1203
1176 1183
1178 1160
1176 1138
1176 1114
1178 1088
1176 1063
1170 1041
1170 1017
1176 995
1176 972
1173 946
1176 924
1176 902
1176 877
1176 849
1170 829
1176 806
1173 780
1176 756
1176 732
1173 709
1173 683
1173 665
1170 639
1168 618
1173 592
1173 568
1170 544
1170 519
1170 499
1170 471
1170 451
1168 430
1170 400
1170 382
1170 355
1170 331
1168 307
1170 283
1170 260
1178 238
1194 224
1210 210
1252 202
1276 200
1295 198
1324 200
1348 196
1371 196
1398 196
1419 196
1443 194
1464 194
1490 194
1511 194
1535 194
1556 196
1583 194
1604 194
1633 192
1654 192
1675 192
1702 194
1726 192
1744 190
1773 190
1794 192
1821 192
1842 190
1866 192
1889 190
1913 188
1937 192
1961 192
1982 190
2008 190
2030 188
2056 190
2077 188
2101 190
2130 190
2149 188
2178 188
2196 188
2220 196
2241 206
2260 216
2270 234
2270 256
2275 281
2278 303
2278 303
